typeofplace state region married education familyincome seedebates efficacy involvement predict close importance partyid willvote sex race age lifecycle socialclass wasmilitary parentsborn catholic church
1 4 71 NA 0 2 7 2 3 3 1 2 1 1 2 1 0 32 3 1 0 NA 1 4
2 4 71 NA 0 2 8 2 5 2 1 3 2 1 1 1 0 47 2 2 0 1 0 2
4 4 45 2 0 1 1 2 3 4 2 3 NA NA 5 2 1 50 1 1 0 NA 0 4
5 4 49 2 0 1 3 2 2 3 1 3 2 1 2 1 0 67 2 2 0 NA 0 4
7 4 37 2 0 3 2 2 4 1 1 2 1 1 2 2 0 68 2 2 0 NA 1 4
8 4 14 2 0 1 4 2 5 3 2 3 2 5 2 2 0 39 3 1 0 0 1 4
9 4 42 3 0 1 2 2 4 3 1 3 NA 1 2 1 0 69 2 1 0 1 0 1
10 4 42 3 0 2 3 2 1 2 2 3 2 5 2 2 0 59 2 1 0 NA 0 3
12 4 42 3 0 1 5 2 2 5 1 3 2 1 2 1 1 49 3 1 0 NA 0 4
14 4 42 3 0 1 1 1 2 5 1 2 5 6 2 2 1 56 2 2 0 NA 0 4
15 4 31 3 0 2 6 2 4 1 1 3 1 2 2 1 0 32 3 1 1 1 1 4
16 4 31 3 0 1 1 2 3 3 1 3 2 1 2 1 0 76 2 2 0 0 0 2
17 4 35 4 1 3 5 2 4 2 2 3 2 7 2 2 0 69 1 2 0 1 0 4
18 4 51 3 1 1 1 1 2 4 1 3 1 1 2 2 0 81 1 1 0 1 0 2
19 4 51 3 0 1 4 2 4 1 2 3 1 7 2 1 0 63 2 1 0 1 0 4
20 4 31 2 0 3 3 1 3 3 2 4 2 7 2 2 0 36 3 1 0 NA 0 4
21 4 40 4 0 2 6 2 1 6 2 3 4 NA 6 2 0 32 3 1 0 NA 0 2
22 4 40 4 0 2 7 2 3 2 1 3 2 1 2 1 0 44 3 2 NA 1 0 3
23 4 23 4 1 2 2 2 4 6 1 4 4 2 2 2 0 68 1 1 0 1 0 2
24 0 71 1 0 2 6 1 3 3 2 2 2 2 2 1 1 55 2 1 0 NA 0 4
25 4 31 2 0 3 8 2 3 3 2 3 2 2 2 2 0 45 2 2 0 1 0 4
28 4 51 2 0 2 2 1 2 5 2 2 2 7 3 2 0 30 3 1 0 1 0 2
29 4 51 2 0 1 5 2 4 2 1 3 2 1 6 2 0 29 3 1 0 1 0 3
30 4 51 2 0 2 6 2 4 2 2 3 2 2 2 2 0 23 3 1 0 1 0 2
34 4 12 NA 0 2 8 2 4 6 1 3 4 1 2 1 0 47 3 2 0 0 1 3
35 4 42 3 1 3 2 1 2 5 2 2 5 2 1 1 0 63 1 2 0 1 0 2
36 4 31 3 0 2 5 2 3 4 2 4 4 3 2 1 0 28 2 1 1 0 0 2
38 4 49 2 0 3 5 2 4 3 1 3 2 2 2 2 0 24 3 1 0 1 0 2
45 4 63 4 0 1 4 1 1 3 2 3 2 6 2 2 0 65 2 1 0 1 0 2
46 0 51 1 1 1 2 2 1 5 2 3 5 1 2 1 0 69 1 2 1 1 0 3
48 4 71 2 1 2 2 2 4 3 2 3 3 4 2 2 0 75 1 1 0 1 0 4
49 4 71 2 0 1 6 2 4 1 2 2 1 2 2 1 0 43 2 1 1 1 0 2
50 4 37 2 0 1 7 2 3 4 1 3 4 2 5 2 0 32 3 1 0 1 1 4
51 4 37 2 0 1 6 2 5 1 2 3 1 7 2 1 0 59 3 2 0 0 0 4
52 4 32 3 0 2 9 2 5 1 2 3 1 6 2 1 0 50 3 1 1 1 0 4
54 4 23 4 0 1 3 2 2 4 1 2 1 1 2 1 0 76 2 1 0 0 0 NA
55 4 41 2 0 3 8 2 5 1 2 3 1 2 2 1 0 66 2 1 0 1 0 4
57 4 41 2 0 1 3 2 4 1 2 2 1 1 2 1 1 65 2 1 0 NA 0 4
58 4 51 3 0 1 6 2 3 3 2 3 2 5 2 1 0 57 3 1 0 1 0 3
59 4 51 3 0 2 5 2 4 1 2 3 1 7 2 2 0 37 3 1 0 1 0 4
61 4 1 2 0 2 9 2 3 1 2 3 1 7 2 2 0 61 2 2 0 1 0 4
66 4 33 4 0 2 8 2 3 6 1 3 4 3 3 1 0 24 3 2 0 1 1 4
68 4 14 2 0 2 7 2 3 2 1 3 2 1 2 1 0 36 3 2 1 0 0 4
70 4 14 2 1 2 1 2 3 5 2 3 2 2 2 1 0 40 1 1 0 NA 0 2
71 4 14 2 0 2 6 2 5 2 1 4 2 2 1 2 0 27 3 1 0 NA 1 4
72 4 14 2 0 1 7 2 5 2 1 3 4 3 2 1 0 61 2 1 0 NA 0 4
73 4 14 2 0 2 6 1 4 3 2 3 2 7 3 2 0 35 3 1 0 1 0 4
74 4 14 2 0 1 4 2 3 5 2 3 2 2 4 1 0 66 2 1 0 NA 0 2
75 4 51 3 0 2 6 2 4 2 1 3 2 1 2 2 0 29 2 2 0 1 0 4
76 4 71 4 0 3 10 2 4 1 2 3 1 1 1 2 0 38 3 2 0 1 0 4
77 4 71 4 1 3 1 NA 4 1 2 4 1 7 1 2 0 59 1 2 0 1 NA NA
78 4 14 2 0 1 3 2 3 5 2 2 5 5 2 1 0 71 2 1 0 1 0 2
79 4 35 4 1 2 6 2 3 6 1 3 4 4 3 1 0 30 1 1 1 1 0 3
82 4 71 NA 0 3 9 2 2 3 1 3 1 2 3 2 0 53 2 2 0 NA 0 4
83 4 31 2 1 1 1 1 3 1 2 3 1 7 2 2 0 67 1 1 0 0 0 4
84 4 45 2 0 2 10 2 3 4 2 2 1 1 2 2 0 32 2 1 1 1 0 4
85 0 21 1 1 1 1 2 2 4 1 3 1 2 2 2 1 42 1 1 0 NA 0 2
86 4 49 2 0 3 3 2 3 3 1 3 1 2 2 2 0 65 2 2 0 NA 0 4
87 4 49 2 0 1 1 2 2 1 1 3 1 1 2 1 0 82 2 1 0 NA 0 2
90 4 43 2 0 1 2 2 5 8 1 3 5 1 2 2 0 39 2 NA 0 NA 0 2
92 4 24 1 0 2 10 2 5 3 1 3 1 1 2 1 0 53 3 2 1 1 1 4
95 4 42 1 0 2 8 1 2 3 2 3 5 2 2 1 0 41 2 1 NA 1 0 4
96 4 42 1 0 2 6 2 3 4 2 3 4 3 2 1 0 34 3 1 0 1 0 4
98 4 33 4 0 2 7 2 4 3 1 3 2 2 2 2 0 27 3 1 0 1 0 3
99 0 21 1 0 2 7 1 3 3 1 2 1 2 2 1 1 34 3 1 1 NA 0 2
100 4 14 2 0 2 6 2 4 4 2 3 4 3 2 1 0 48 3 1 1 1 0 4
103 4 3 1 0 2 7 2 3 3 1 3 NA 2 2 1 0 42 3 1 1 0 1 2
104 4 52 4 0 3 10 2 5 1 2 3 1 5 2 2 0 45 2 2 0 1 0 2
105 0 3 1 1 2 2 2 4 2 1 4 4 4 2 1 0 64 1 1 1 1 0 2
106 4 71 4 1 1 2 2 2 2 2 2 2 1 3 1 0 72 1 1 0 1 0 2
107 0 13 1 0 1 4 2 2 6 2 3 4 5 2 2 0 39 3 1 0 0 1 2
108 0 13 1 0 3 9 2 5 2 2 1 2 3 2 1 0 44 2 2 1 0 1 4
109 0 13 1 0 2 8 2 3 3 2 1 1 2 1 2 0 54 3 2 0 NA 0 2
112 4 24 2 1 2 4 2 4 5 2 3 5 5 2 2 0 30 1 1 0 1 0 2
113 4 42 3 1 1 1 1 2 2 2 2 2 1 3 2 0 81 1 1 0 1 0 2
116 4 31 2 0 2 7 2 4 3 2 4 2 4 2 2 0 29 3 2 0 1 0 3
117 4 31 2 0 3 10 2 4 1 1 4 1 6 2 2 0 52 2 2 0 1 0 4
118 4 13 2 1 1 2 2 4 3 2 3 2 6 2 2 0 53 1 1 0 1 0 4
120 4 46 4 0 2 2 2 1 4 2 3 4 NA 7 1 1 29 3 1 1 NA 0 4
122 4 14 2 0 3 8 2 5 3 2 3 1 6 1 1 0 38 3 1 1 1 0 3
124 4 14 2 1 2 8 NA 2 8 1 3 5 1 6 2 0 28 3 1 0 0 NA NA
126 0 21 1 0 2 7 2 2 4 1 3 1 1 3 2 0 58 2 1 0 NA 0 1
127 0 23 1 1 2 6 2 4 3 1 3 1 2 1 2 0 42 1 1 0 1 1 4
128 4 71 4 0 3 10 1 5 3 2 3 1 6 1 1 0 57 3 2 0 1 0 4
129 0 13 1 0 1 6 2 2 3 2 3 1 1 2 2 0 43 3 1 0 NA 1 4
130 0 13 1 0 1 4 1 1 6 2 3 4 NA 6 2 1 39 1 1 0 NA 1 4
131 0 13 1 0 2 6 1 4 2 2 3 2 5 2 1 1 38 3 1 1 NA 0 2
132 0 13 1 0 2 6 2 3 1 1 3 1 1 2 2 0 43 3 1 0 0 0 2
133 4 14 4 0 3 7 1 4 6 2 3 4 6 2 1 0 58 2 2 1 0 0 1
134 0 34 1 0 2 9 2 3 3 1 3 1 2 NA 2 0 38 3 1 0 0 1 4
135 4 47 2 1 2 1 NA 1 8 1 3 5 2 2 2 1 45 1 1 0 NA NA NA
136 4 49 1 0 2 7 2 3 3 2 3 5 4 2 2 0 30 3 2 0 1 0 3
137 4 49 1 0 3 7 2 2 8 2 3 5 2 2 2 0 35 3 1 0 1 0 3
138 4 32 3 0 3 3 2 4 2 2 3 2 7 2 2 0 66 2 1 0 1 0 3
140 4 24 1 0 2 8 2 4 3 2 3 1 7 2 1 0 44 2 2 1 1 0 2
141 4 24 1 0 2 5 2 2 8 2 2 5 NA 5 2 0 39 3 1 0 1 0 4
142 4 43 3 0 2 4 2 4 5 2 3 5 2 2 2 0 74 2 2 0 1 1 1
143 4 33 4 0 2 5 2 5 1 2 3 1 7 2 2 0 38 3 2 0 1 0 4
144 4 33 4 0 2 8 2 4 2 1 4 2 1 2 2 0 34 3 1 0 1 1 4
145 4 14 2 0 2 5 2 4 4 1 3 4 1 2 1 0 43 3 1 1 1 1 4
146 4 14 2 0 2 8 2 5 3 2 3 1 1 2 2 0 44 2 1 0 1 0 3
147 4 47 2 1 1 1 1 1 6 2 1 4 2 5 1 0 61 1 1 0 1 0 2
151 4 71 4 0 2 9 2 4 2 2 3 2 7 2 1 0 52 2 2 0 0 0 2
153 4 71 4 0 1 4 2 2 3 1 3 1 1 2 1 0 73 2 1 0 1 0 2
154 4 71 4 1 1 3 1 2 3 1 3 2 2 6 2 0 53 1 1 0 1 0 2
155 0 71 1 0 2 7 1 3 3 1 3 2 1 2 2 0 37 3 1 0 1 0 2
157 4 14 4 1 1 2 2 1 2 2 3 2 7 2 2 0 66 1 1 0 1 0 2
158 4 14 4 1 2 8 2 5 2 2 1 2 1 2 2 0 47 1 2 0 1 0 4
159 4 14 4 0 2 6 2 5 5 1 3 5 6 2 1 0 60 2 1 1 1 1 4
160 0 14 1 0 1 4 2 3 8 2 3 5 2 6 2 0 43 3 1 0 1 0 2
161 0 14 1 0 2 7 2 4 6 2 3 4 5 2 1 0 51 2 1 0 1 0 4
164 4 34 2 1 2 2 2 2 3 2 2 1 6 2 2 0 68 1 1 0 1 0 4
165 4 34 2 1 1 1 1 3 1 1 4 1 6 3 2 0 83 1 2 0 1 0 2
166 4 25 3 0 1 6 2 4 3 2 3 1 4 2 1 0 30 3 2 1 1 0 3
167 4 25 3 0 2 7 2 3 2 2 3 4 7 2 2 0 60 2 2 0 0 0 4
169 4 24 2 0 2 6 2 3 2 2 3 2 7 2 2 0 64 2 1 0 1 0 4
171 4 24 2 0 2 9 2 5 2 1 3 2 1 2 2 0 41 3 1 NA 1 0 4
172 4 31 3 0 2 5 2 3 8 2 3 5 6 2 1 0 42 3 1 0 1 0 4
173 4 31 3 0 3 7 2 3 3 2 4 2 4 2 2 0 31 3 1 0 1 0 3
174 4 31 3 0 2 2 1 3 3 2 3 1 7 2 1 0 53 3 1 0 0 0 4
176 4 1 1 1 2 8 2 2 1 2 3 1 7 2 2 0 73 1 2 0 1 0 2
178 4 47 2 0 3 8 2 4 2 2 4 2 6 2 2 0 58 2 2 0 0 0 3
179 4 47 2 0 2 3 2 3 2 1 4 2 5 2 1 0 63 2 1 0 1 0 2
180 4 47 2 0 1 3 2 1 6 1 4 4 1 2 1 0 53 3 1 0 1 0 2
181 4 35 4 0 2 10 2 4 1 2 4 1 1 2 2 0 42 3 1 0 1 0 3
182 4 35 4 0 2 7 2 4 3 1 3 2 5 2 1 0 39 3 1 1 1 0 4
184 4 44 4 1 1 4 NA 1 5 2 3 2 7 3 1 1 63 3 1 1 NA NA NA
186 4 54 4 1 2 2 2 1 5 2 3 2 2 5 2 0 45 1 1 0 1 0 4
187 4 63 4 0 1 3 1 2 8 1 2 5 3 6 1 0 55 2 1 0 1 0 3
188 4 63 4 0 2 6 1 4 3 2 3 NA 5 2 2 0 56 3 1 0 1 1 3
189 4 63 4 0 3 5 1 3 3 1 3 2 2 2 2 0 44 3 NA 0 1 0 2
191 4 51 1 0 2 6 2 4 6 1 3 4 2 2 2 0 29 3 2 0 1 0 2
192 4 3 4 0 3 10 2 4 1 2 3 1 7 2 2 0 48 2 2 0 0 0 4
193 4 43 2 0 3 7 1 4 4 2 3 4 6 2 2 0 34 3 2 0 1 0 4
194 4 43 2 0 3 9 2 4 3 1 3 1 1 2 2 0 36 3 1 0 1 0 2
196 0 22 1 0 1 9 2 4 1 2 3 1 5 2 1 0 67 2 1 0 1 0 3
197 4 71 2 0 1 7 2 3 4 2 3 4 1 3 2 0 42 2 1 0 1 0 2
198 4 71 2 1 1 5 NA 3 5 1 2 2 1 2 2 0 46 3 1 0 0 NA NA
199 4 24 1 0 1 4 2 3 1 2 4 1 7 2 1 0 66 2 1 0 1 0 2
200 4 51 3 0 2 5 2 4 2 1 3 2 1 2 2 0 37 3 1 0 1 0 4
201 4 51 3 0 2 5 2 4 1 2 3 1 1 2 1 0 62 2 1 0 1 0 3
202 4 51 3 0 1 2 2 2 2 1 2 2 1 2 1 0 73 2 1 0 1 0 1
203 4 31 2 0 1 1 2 1 5 2 3 2 6 6 2 0 73 2 1 0 1 0 1
205 4 62 2 0 2 7 2 3 3 1 3 2 2 2 1 0 53 3 1 0 1 0 2
206 4 62 2 0 1 6 2 3 1 2 4 1 2 2 1 0 65 2 1 0 1 0 3
207 4 42 1 0 3 10 2 5 3 1 3 5 2 2 2 0 29 3 2 0 1 0 4
208 4 42 1 0 2 9 2 4 3 2 3 1 2 2 2 0 51 3 2 0 1 1 4
209 4 42 1 0 1 6 2 2 1 1 1 1 1 2 1 0 55 2 1 1 1 0 4
211 4 40 4 0 1 5 1 4 3 2 3 1 7 2 1 0 45 2 1 0 1 0 4
213 4 40 4 0 1 4 2 3 4 2 3 4 5 2 1 0 40 3 1 0 1 0 3
215 4 13 2 1 1 4 2 4 1 2 3 1 1 2 1 0 62 1 1 0 1 1 4
217 4 13 2 0 1 4 2 3 2 2 1 2 2 3 1 0 74 3 1 0 1 1 4
219 0 71 1 1 1 1 1 4 2 1 2 4 5 6 1 0 75 1 2 0 NA 0 4
220 0 71 1 0 2 5 2 4 3 2 2 1 4 2 1 0 66 2 1 1 1 0 2
222 4 33 4 0 2 6 1 4 6 2 3 4 6 2 2 0 39 3 1 0 1 0 4
223 4 14 2 0 2 6 2 3 2 2 3 2 2 2 1 0 62 2 1 0 1 0 2
224 4 14 2 0 2 5 2 5 8 1 2 5 2 2 1 0 48 3 1 0 1 0 3
225 4 14 2 0 2 6 2 3 3 1 3 2 2 2 2 0 34 3 1 0 0 1 4
226 4 3 1 0 1 3 2 4 3 2 3 2 1 2 1 0 77 2 1 0 1 1 4
227 4 3 1 0 1 5 2 4 1 1 3 1 4 2 1 0 75 2 1 0 NA 0 2
228 4 3 1 0 2 6 2 4 5 2 3 2 5 2 2 0 54 2 1 0 1 0 3
229 4 3 1 0 3 6 2 4 1 2 3 1 5 2 1 0 52 2 2 0 1 0 3
230 0 71 1 0 2 NA 2 2 3 2 2 1 7 2 2 0 48 3 1 0 1 0 4
236 4 49 2 1 3 4 2 4 3 2 3 1 2 2 2 0 62 1 1 0 1 0 4
237 4 49 2 0 2 6 2 3 3 2 3 2 2 2 2 0 33 3 1 0 1 0 4
238 4 49 2 0 3 3 2 4 3 2 3 2 2 2 1 0 54 2 2 0 1 0 2
239 4 14 2 0 1 2 2 2 4 2 3 1 5 2 1 0 71 2 1 0 0 1 4
240 4 37 2 1 1 2 2 3 4 1 3 NA 6 3 2 0 64 1 1 0 NA 0 2
241 4 24 1 0 3 7 2 4 5 1 3 5 2 4 2 0 38 3 2 0 1 0 3
245 4 13 2 0 1 4 2 5 3 2 3 2 1 2 1 0 59 2 1 0 1 0 3
248 4 48 2 0 2 8 2 4 3 2 1 2 2 6 1 0 37 3 1 1 1 0 3
252 4 46 4 1 1 2 2 1 4 2 3 4 2 2 2 0 56 1 1 0 1 0 1
253 4 46 4 0 1 7 2 1 3 1 3 2 2 2 1 0 38 3 1 1 1 0 2
254 4 46 4 1 2 3 2 4 1 1 3 1 1 2 1 0 39 1 2 1 1 0 2
256 4 13 1 0 1 3 2 4 2 2 3 2 7 2 1 0 67 2 1 0 NA 1 4
257 4 12 NA 1 2 10 NA 4 1 2 3 1 7 2 1 0 63 2 2 0 1 NA NA
258 4 12 NA 0 3 10 2 5 1 2 2 1 6 2 2 0 31 3 2 0 1 0 3
259 4 34 2 1 3 3 1 3 1 1 4 1 7 2 2 0 78 1 1 0 1 0 1
260 4 34 2 0 2 4 1 4 4 2 4 4 2 1 2 0 33 3 1 0 1 0 3
261 4 34 2 0 1 5 2 3 5 2 4 5 5 7 2 0 82 2 1 0 1 0 1
262 4 31 2 0 1 8 2 2 5 1 2 2 1 2 1 1 55 2 1 0 NA 1 2
263 4 51 2 0 1 3 2 1 3 2 3 2 7 2 1 0 74 2 2 0 1 0 4
265 4 1 1 1 1 2 2 1 6 2 2 4 2 2 2 0 68 1 1 0 NA 1 4
266 0 52 1 0 3 6 2 5 3 1 1 1 3 2 1 0 48 2 1 1 0 0 3
269 4 44 4 0 1 5 2 2 6 3 2 4 1 2 1 0 50 3 2 0 1 0 2
270 4 44 4 0 2 6 2 3 3 2 2 2 2 2 1 0 42 3 1 1 1 0 2
272 4 73 2 1 1 1 1 3 5 2 3 2 6 6 1 0 73 1 1 0 NA 1 3
273 4 23 2 1 3 4 2 4 4 1 3 4 1 2 2 0 75 1 1 0 1 0 2
274 4 23 2 0 2 5 1 4 3 2 3 2 6 2 2 0 33 3 1 0 0 0 2
277 4 23 2 0 2 4 2 4 4 2 3 4 6 2 2 0 24 3 2 0 1 0 2
279 4 14 2 0 2 7 2 2 3 2 4 5 2 2 1 0 44 2 1 1 0 1 2
280 4 14 2 0 2 8 2 4 8 2 4 5 2 2 2 0 44 3 2 0 0 0 4
282 4 3 4 0 2 10 2 4 3 1 3 2 1 2 2 0 66 2 1 0 0 1 4
283 0 21 1 0 3 6 2 4 3 2 3 1 2 2 1 0 27 3 2 1 0 1 4
285 0 13 1 1 1 7 2 3 2 2 4 2 4 2 2 0 56 1 1 0 0 1 2
286 0 13 1 1 2 3 1 1 6 2 3 4 1 3 2 1 31 1 1 0 NA 0 3
288 0 13 1 0 2 7 2 1 5 2 4 2 1 2 1 0 51 2 1 0 NA 1 4
289 0 13 1 0 1 7 1 3 8 1 3 5 4 6 1 0 52 3 1 0 NA 0 2
291 4 71 NA 0 2 6 2 5 1 2 3 1 1 1 2 0 34 3 1 0 1 1 2
292 4 71 NA 0 2 8 2 3 1 1 3 1 3 1 1 1 28 3 1 1 NA 1 4
293 4 31 2 0 3 6 2 3 1 1 3 1 4 2 2 0 31 3 1 0 1 1 4
294 4 31 2 0 2 8 2 2 3 2 4 1 5 2 1 0 32 3 1 1 1 0 2
295 4 31 2 0 2 7 2 3 1 1 3 1 1 1 2 0 39 3 2 0 1 1 4
296 4 42 3 0 2 2 2 1 8 1 4 5 1 2 1 1 56 3 1 0 NA 0 2
297 4 42 3 1 1 1 2 1 3 2 1 1 7 7 2 1 75 1 1 0 NA 0 2
298 4 42 3 1 2 2 1 4 4 2 2 4 4 4 2 1 37 1 1 0 NA 0 4
299 4 13 2 0 2 7 2 5 3 2 3 1 7 2 1 0 46 3 1 0 1 0 3
300 4 23 2 1 2 2 2 3 4 2 3 1 6 2 2 0 74 1 1 0 1 0 2
302 0 51 1 0 3 8 2 4 3 2 3 2 4 2 1 0 57 2 2 1 1 0 4
303 0 51 1 0 3 9 2 4 3 1 3 2 1 2 2 0 51 3 2 0 1 0 2
304 4 22 1 0 2 8 2 2 1 1 3 1 1 2 2 0 28 3 2 0 1 1 4
305 4 71 1 0 3 7 2 4 2 1 4 4 3 2 1 0 27 3 2 1 1 0 2
306 4 12 2 0 2 10 2 3 5 1 2 2 2 2 2 0 25 3 1 0 1 1 2
307 4 12 2 0 2 5 2 2 6 2 3 4 2 2 2 0 28 3 1 0 0 1 4
308 4 12 2 0 2 8 1 4 5 2 1 5 3 6 1 0 29 3 1 0 1 0 4
309 4 12 2 0 2 7 2 4 1 2 3 1 5 2 2 0 32 3 1 0 0 0 4
311 4 12 2 0 3 7 2 3 4 2 3 4 4 2 2 0 40 3 2 0 0 0 3
312 4 14 2 0 1 6 2 3 3 2 4 1 6 2 2 0 52 2 1 0 0 1 4
313 4 3 1 1 2 5 NA 3 2 1 4 4 1 1 1 0 74 2 1 0 0 NA NA
314 4 3 1 1 2 7 2 2 4 2 3 4 3 2 1 0 72 1 1 1 0 1 4
315 4 3 1 0 2 8 2 4 2 1 3 2 3 2 1 0 80 2 2 0 0 1 4
316 4 23 4 0 2 8 2 3 3 1 1 1 1 2 1 0 55 3 1 1 0 0 2
319 4 71 4 0 1 3 2 3 3 2 3 3 1 2 2 0 56 2 1 0 1 0 4
321 0 13 1 0 1 7 2 2 1 1 2 1 2 2 1 0 50 2 1 1 0 1 2
324 0 13 1 1 2 2 1 2 2 2 2 4 1 6 2 1 30 1 1 0 NA 0 2
325 0 13 1 0 1 4 1 2 8 2 3 5 1 6 1 1 57 2 1 0 NA 0 2
326 0 13 1 0 3 10 1 3 4 2 4 1 7 2 1 0 71 2 2 1 1 0 2
327 4 13 NA 1 3 1 2 1 8 2 3 5 6 2 2 0 68 1 2 0 NA 1 4
328 4 31 2 0 2 6 NA 4 3 2 4 1 7 2 2 0 29 3 1 0 1 0 4
329 4 44 4 0 1 5 2 3 3 2 2 1 2 3 1 0 40 3 1 1 1 0 3
330 4 44 4 1 2 1 2 1 3 1 3 3 2 2 2 0 80 1 1 0 1 0 4
331 4 44 4 0 1 2 1 1 6 1 3 4 2 6 2 0 52 3 1 0 1 0 4
332 4 44 4 0 1 4 2 1 4 1 3 1 2 3 1 0 39 3 1 1 1 0 4
334 4 44 4 0 1 8 1 1 6 2 3 4 2 2 1 0 37 2 1 0 1 0 NA
336 4 51 1 0 2 7 2 4 2 1 3 2 2 2 1 0 32 3 2 0 1 0 4
337 4 51 1 0 2 7 2 3 6 2 3 4 4 2 1 0 37 3 1 1 1 1 4
338 4 43 2 0 2 9 2 2 1 2 3 1 2 2 1 0 45 3 2 1 1 0 3
339 4 14 2 0 1 4 1 3 8 2 3 5 2 2 2 0 34 3 1 0 1 0 4
341 4 37 2 1 2 5 2 4 1 2 3 1 7 2 1 0 38 1 2 0 1 0 4
342 4 37 2 0 2 8 1 4 3 2 1 1 7 2 1 0 55 3 2 1 1 0 3
343 4 37 2 0 2 5 2 4 5 2 3 5 2 2 2 0 67 2 1 0 0 0 3
346 4 24 1 0 3 7 2 2 2 2 3 2 1 2 1 0 59 2 2 0 1 0 1
347 4 51 3 0 3 7 2 4 1 1 3 1 1 2 2 0 32 3 2 0 1 0 4
348 4 51 3 0 2 6 2 4 3 2 4 1 2 2 2 0 60 2 1 0 1 0 4
349 4 3 4 0 3 8 2 4 3 1 3 1 6 2 1 0 26 2 2 1 1 0 3
350 4 31 2 1 1 4 NA 1 6 2 2 4 7 3 2 0 73 2 NA 0 0 NA NA
351 4 43 3 0 2 4 2 3 2 2 3 2 1 2 1 0 87 2 1 0 1 0 4
353 4 66 3 0 1 5 1 3 6 2 2 4 2 2 2 0 42 3 2 0 1 1 2
355 4 25 3 0 1 3 2 3 1 1 4 1 1 2 1 0 68 3 1 0 NA 0 2
357 4 21 NA 0 3 10 2 4 1 2 3 1 7 2 2 0 44 3 2 0 1 0 4
358 0 21 1 0 1 3 1 2 3 2 2 2 2 2 2 0 71 2 2 0 NA 0 2
359 0 21 1 1 2 7 2 4 5 1 3 2 1 2 1 0 76 2 2 0 0 1 2
360 0 21 1 0 1 8 2 2 5 2 3 5 6 2 1 0 65 2 2 0 NA 1 4
361 4 21 NA 0 2 7 2 4 1 1 3 1 3 2 2 0 23 3 1 0 1 1 4
362 4 21 NA 1 1 3 1 4 5 2 2 2 6 4 1 0 79 1 1 0 NA 0 NA
363 0 71 1 0 3 8 2 5 1 1 4 1 1 2 1 0 40 3 2 1 1 1 4
364 4 71 4 1 2 4 2 4 1 2 4 1 7 1 2 0 67 1 1 0 NA 0 3
366 0 13 1 0 2 6 2 2 3 1 3 2 2 1 2 0 31 3 1 0 0 1 4
367 0 13 1 0 2 8 2 2 1 2 3 1 2 2 2 0 27 3 2 0 0 1 4
368 4 13 NA 0 3 9 2 5 2 2 3 4 2 2 1 0 37 2 2 1 1 0 NA
369 0 13 1 0 1 6 2 3 1 2 3 1 2 2 2 0 55 2 1 0 0 1 4
371 0 13 1 0 1 6 2 4 2 1 4 4 1 2 2 0 59 2 1 0 NA 0 2
374 4 14 4 0 2 5 2 4 3 2 3 NA 6 2 2 0 44 3 1 0 0 0 2
376 0 14 1 1 1 2 2 3 5 2 3 5 2 2 2 0 53 1 1 0 NA 0 2
377 0 14 1 1 1 4 2 5 3 2 4 2 2 2 2 0 53 1 1 0 1 1 4
379 0 71 1 0 2 5 2 3 2 1 4 4 6 2 1 0 64 3 1 0 NA 0 3
381 4 34 2 0 2 4 2 4 1 2 4 1 7 1 2 0 34 3 1 0 1 1 3
382 4 25 3 0 2 7 2 1 2 1 3 2 6 2 2 0 37 3 2 0 1 1 4
383 4 25 3 0 1 2 1 3 1 1 4 1 1 1 1 0 61 2 1 0 1 0 3
384 4 25 3 1 1 3 NA 1 1 1 3 1 1 2 1 0 71 2 2 0 0 NA NA
385 4 25 3 0 2 6 2 3 3 2 3 1 5 2 2 0 46 3 1 0 1 0 4
386 4 51 2 0 1 2 2 1 1 2 4 1 7 2 1 0 79 2 1 0 1 0 1
387 4 51 2 0 2 7 2 3 3 2 3 2 2 2 1 0 33 3 1 0 1 0 2
388 4 51 2 0 1 7 2 4 2 2 3 2 7 2 2 0 56 2 2 0 1 0 4
389 4 24 2 0 1 3 2 2 3 1 3 2 1 2 1 0 71 2 1 0 1 1 4
390 4 13 2 0 1 5 1 3 6 2 4 4 2 2 1 0 74 2 1 0 0 1 3
392 4 31 3 0 2 6 2 3 1 2 3 1 6 2 1 0 44 3 1 0 0 0 4
394 4 45 2 0 3 9 2 4 4 2 3 4 2 2 1 0 33 3 1 1 1 0 3
395 4 45 2 0 2 9 2 4 1 2 3 1 2 2 1 0 46 3 2 1 1 0 2
398 4 1 1 0 1 5 2 1 1 2 4 1 6 2 2 0 57 2 2 0 0 1 4
400 4 1 1 0 2 6 2 2 2 2 3 2 7 2 1 0 67 2 2 0 1 0 4
403 4 35 4 0 2 8 2 3 2 2 3 4 6 2 2 0 40 3 2 0 1 0 4
404 4 23 2 0 2 7 2 4 1 2 3 1 2 1 1 0 49 3 2 0 1 0 2
405 4 23 2 0 3 5 2 4 3 2 3 1 7 2 2 0 27 3 1 0 0 0 4
406 4 49 1 0 2 7 2 1 1 1 3 1 1 2 1 0 42 3 1 1 1 1 4
407 4 49 1 0 1 6 2 1 6 2 3 4 2 2 1 0 49 3 2 1 1 0 4
408 4 49 1 0 3 5 2 2 6 2 3 4 2 6 2 0 42 3 2 1 1 0 4
411 0 33 1 1 2 5 2 1 3 1 3 2 3 2 1 1 62 2 1 0 NA 1 3
413 0 33 1 1 1 4 2 4 3 1 3 2 5 3 2 0 60 1 1 0 NA 0 2
414 0 33 1 0 2 5 2 4 5 2 2 2 2 1 2 0 31 3 1 0 0 1 4
416 0 22 1 0 2 9 2 3 4 1 3 3 3 2 1 0 58 2 2 0 0 0 2
417 4 37 2 0 3 7 2 3 3 2 4 3 2 2 2 0 35 3 2 0 1 0 4
418 4 37 2 0 2 5 2 2 4 1 3 4 6 2 2 0 31 3 1 0 1 0 2
419 4 37 2 0 2 6 2 3 6 1 3 4 1 2 2 0 38 3 1 0 1 0 2
420 4 37 2 0 2 7 2 3 4 2 3 4 2 2 1 0 34 3 1 1 1 0 2
421 4 37 2 0 2 6 2 4 3 1 4 2 2 2 1 0 45 3 1 1 1 1 4
422 4 37 2 0 1 3 2 4 6 1 3 4 2 2 1 0 65 2 1 1 0 1 4
423 4 32 3 0 2 8 2 3 3 2 3 NA 7 2 1 0 37 3 2 0 1 0 2
424 4 41 2 0 2 5 2 3 5 1 4 5 1 2 1 0 50 2 1 0 1 0 NA
426 4 24 1 1 2 2 NA 2 3 2 3 2 7 2 1 0 80 1 1 0 1 NA NA
428 4 51 3 0 1 2 1 4 2 1 3 2 7 2 1 0 81 2 1 0 1 0 2
429 4 13 1 0 3 10 2 5 2 2 3 2 5 2 2 0 44 3 2 0 1 1 4
430 4 13 1 0 3 10 2 5 1 2 3 1 7 2 2 0 34 3 2 0 1 0 4
432 4 13 1 0 3 9 2 3 3 2 3 2 7 2 2 0 65 2 2 0 1 0 3
434 4 47 2 0 1 4 2 2 8 1 3 5 2 2 1 1 51 3 1 0 NA 0 2
435 4 47 2 1 2 6 2 4 1 1 3 1 1 2 1 0 50 1 2 NA 1 0 2
436 4 47 2 1 1 2 2 1 3 1 2 2 2 2 1 1 48 1 1 0 NA 0 2
437 4 47 2 0 1 1 2 2 2 2 3 2 1 2 1 0 75 3 1 0 1 0 2
438 4 62 2 1 2 1 1 2 5 2 4 2 2 5 2 0 87 1 NA NA NA 0 1
439 4 62 2 0 2 5 1 2 8 2 3 5 NA 6 2 0 58 3 1 0 1 0 4
446 0 71 1 0 2 6 2 3 1 1 4 1 1 7 1 0 46 3 2 0 1 1 2
450 4 43 3 0 1 4 1 4 5 2 3 2 6 2 2 1 54 2 1 0 NA 0 4
451 4 66 3 1 1 2 2 2 4 1 3 4 1 2 1 0 83 1 2 0 NA 0 2
452 4 66 3 1 1 2 NA 3 4 1 3 4 2 2 2 0 44 3 2 0 1 NA NA
453 4 12 2 0 3 9 2 5 3 2 3 1 6 2 2 0 56 2 2 0 0 0 3
454 4 12 2 0 2 7 2 3 5 2 3 5 6 2 2 0 39 3 1 0 0 0 1
455 4 12 2 1 2 3 1 2 8 2 3 5 3 2 2 0 72 1 1 0 1 0 4
456 4 14 2 0 2 9 1 4 1 2 4 1 7 1 2 0 33 3 1 0 1 0 4
457 4 14 2 0 2 6 1 3 3 2 3 1 7 1 2 0 28 3 2 0 1 0 4
458 0 3 1 0 1 6 2 1 3 1 2 2 1 2 2 0 51 2 1 0 0 1 4
459 4 3 4 0 2 6 2 1 5 1 3 2 2 2 2 0 44 3 1 0 0 1 NA
460 4 3 4 0 2 6 1 5 3 2 3 5 5 2 2 0 37 2 2 0 0 0 2
461 4 22 NA 0 2 8 2 3 3 2 3 2 1 2 1 0 54 3 1 1 NA 1 4
463 4 22 NA 0 2 7 2 3 8 2 3 5 4 2 1 0 45 3 1 0 1 1 4
464 0 21 1 0 2 7 2 3 4 2 3 4 6 2 1 0 41 2 2 1 0 0 2
465 4 22 NA 0 2 8 2 4 5 1 2 2 7 2 1 0 37 3 2 1 1 0 4
466 0 21 1 0 3 9 2 5 2 2 3 2 6 2 2 0 29 2 2 0 1 0 3
467 0 21 1 0 2 7 2 4 1 1 3 1 2 2 2 0 47 2 1 0 0 0 NA
468 0 13 1 0 2 5 2 3 5 2 4 5 1 6 2 1 31 3 1 0 NA 0 2
469 0 13 1 0 2 8 2 2 3 1 3 2 1 1 2 0 49 3 1 0 0 1 4
470 0 13 1 0 2 6 1 2 1 1 3 1 1 2 1 0 28 2 1 0 0 1 2
473 0 13 1 0 3 9 1 5 2 2 3 2 2 2 1 0 42 3 2 0 NA 0 4
474 0 13 1 0 3 5 2 4 4 2 3 4 1 2 1 0 58 2 2 0 NA 0 2
475 0 13 1 1 2 5 2 3 3 2 2 2 5 2 2 0 55 1 2 1 NA 0 2
476 4 14 4 0 2 9 1 5 4 1 3 4 2 2 2 0 43 2 1 0 1 1 4
478 4 44 4 0 1 1 2 4 4 1 3 1 2 2 1 0 56 2 1 0 1 0 2
479 4 44 4 1 1 7 2 3 4 1 3 4 1 5 2 0 80 1 1 0 1 0 3
480 0 12 NA 0 3 8 1 4 3 2 3 1 1 2 2 0 46 3 1 0 1 1 3
482 4 49 1 0 3 9 2 5 4 2 3 1 3 2 1 0 36 2 2 1 1 0 4
484 4 24 2 0 2 6 2 4 1 1 4 1 3 2 2 0 45 3 1 0 1 0 2
486 4 43 2 0 3 9 2 4 3 2 1 2 6 2 1 0 48 2 2 1 1 0 4
488 4 71 2 0 2 10 2 3 3 2 4 1 2 2 1 1 47 3 2 0 0 0 2
489 4 32 3 1 2 4 NA 2 5 2 3 2 6 2 1 0 46 3 1 1 1 NA NA
490 4 32 3 1 2 1 2 4 2 1 3 4 1 2 2 0 72 1 2 0 1 0 2
491 4 32 3 0 1 2 2 2 4 2 2 4 5 2 1 0 58 2 1 0 NA 0 2
493 4 73 2 0 2 6 2 3 2 2 2 2 5 2 2 0 31 3 1 0 1 0 4
494 4 23 2 0 2 6 2 3 1 2 2 1 1 2 1 0 47 3 1 0 1 1 4
495 4 33 4 0 3 8 2 4 2 2 3 2 7 2 2 0 56 2 1 0 1 0 4
496 4 33 4 0 1 8 2 1 3 1 4 2 1 2 1 0 45 3 1 0 1 0 3
497 4 33 4 0 1 8 2 4 2 1 3 2 2 2 2 0 34 3 1 0 1 1 4
498 4 24 4 0 2 9 2 4 3 2 2 2 4 2 1 0 54 2 2 0 0 1 4
499 4 24 4 0 2 8 2 4 2 1 4 2 4 2 2 0 28 3 1 0 1 1 4
500 4 71 4 0 3 7 2 3 1 2 3 1 7 2 2 0 45 3 2 0 1 0 4
502 4 44 4 1 1 2 2 1 3 2 3 2 2 NA 2 0 82 1 1 0 1 0 2
503 4 24 2 0 2 6 2 3 3 2 3 2 2 2 2 0 36 3 2 0 1 0 3
504 4 43 2 0 2 9 2 4 2 2 3 2 3 2 2 0 41 3 2 1 1 1 4
505 4 43 2 1 1 2 NA 2 3 1 2 2 1 6 2 1 67 3 1 0 NA NA NA
506 4 43 2 0 2 6 2 4 2 1 3 2 1 2 2 1 55 3 1 0 NA 0 4
507 4 37 2 0 2 8 2 5 2 2 3 2 7 2 2 0 30 3 2 0 1 0 4
508 4 1 2 0 2 6 2 4 3 2 1 2 1 2 2 0 59 2 2 0 0 1 4
512 4 33 4 0 2 4 2 3 1 2 3 1 7 2 1 0 67 2 2 1 0 0 4
513 0 52 1 0 1 6 2 2 8 1 3 5 1 2 2 0 42 3 1 0 1 0 2
514 4 52 4 1 3 3 2 3 3 2 3 2 6 2 2 0 38 1 2 0 1 0 2
516 4 24 2 0 3 8 2 4 1 2 3 1 2 2 1 0 31 3 2 1 1 0 2
517 4 24 2 0 2 7 1 4 3 2 3 1 7 2 1 0 55 2 1 0 1 0 4
518 4 24 2 0 2 6 2 1 4 2 3 4 3 1 1 0 29 3 1 0 1 0 3
521 4 40 4 0 3 3 2 1 5 2 3 2 4 6 2 0 54 2 1 0 1 0 4
522 4 40 4 0 2 5 2 3 2 2 3 2 6 1 2 0 43 3 1 0 1 0 4
524 4 48 2 1 3 6 2 3 2 1 4 2 1 2 2 0 59 1 2 0 1 0 2
526 4 23 2 0 2 6 2 4 1 1 3 1 7 2 1 0 47 2 2 0 1 0 3
528 4 1 1 0 1 8 2 4 1 2 4 1 5 2 2 0 58 2 2 0 0 0 2
530 4 1 1 1 2 3 2 2 6 2 3 4 1 2 2 1 26 1 1 0 NA 0 2
532 4 24 2 0 2 6 2 4 4 2 3 4 1 2 2 0 31 3 1 0 1 0 4
533 4 43 2 0 1 3 2 2 4 2 3 4 1 2 1 1 44 3 1 0 NA 0 4
535 4 71 2 0 2 5 2 4 4 1 3 4 2 2 2 0 35 3 1 0 1 0 3
536 4 51 3 0 2 2 2 3 3 1 3 2 2 2 1 0 20 3 1 0 1 0 3
537 0 13 1 0 1 4 2 2 2 1 3 2 2 2 2 0 58 2 1 0 NA 1 4
538 4 43 3 0 3 10 2 4 1 2 3 1 1 2 1 0 35 3 2 1 1 0 3
539 4 43 3 1 2 2 NA 4 2 2 2 2 7 2 1 0 66 1 1 0 1 NA NA
540 4 66 3 0 1 2 2 2 2 1 3 2 1 2 2 0 63 3 1 0 1 1 4
541 4 66 3 0 1 1 2 2 2 2 2 2 1 2 1 0 52 2 1 0 1 1 4
542 4 66 3 0 1 4 1 3 2 1 1 2 1 2 1 0 62 2 1 0 1 1 4
548 4 14 2 0 1 6 2 3 2 1 2 2 6 2 1 0 62 2 2 0 0 1 4
549 4 14 2 0 3 2 1 3 4 2 3 4 7 2 2 0 75 2 2 0 1 0 2
550 4 22 1 0 2 8 2 3 4 2 3 4 3 2 1 0 42 3 1 1 1 0 1
553 0 23 1 1 2 10 NA 1 8 2 3 5 2 2 2 0 60 2 2 0 0 NA NA
554 0 23 1 0 2 9 2 3 1 2 4 1 6 2 1 0 65 2 1 0 1 0 2
555 0 23 1 0 2 10 1 4 1 1 4 1 5 2 1 0 58 3 1 0 NA 1 4
556 4 23 4 1 3 10 NA 5 6 2 4 4 6 2 1 0 37 3 2 1 1 NA NA
557 4 71 4 0 3 9 1 4 3 1 3 1 7 2 1 0 51 3 2 1 1 0 4
558 4 71 4 0 3 9 2 2 3 1 3 2 6 6 2 0 52 2 2 0 1 0 2
559 0 14 1 0 1 6 2 3 3 1 4 2 2 2 2 0 49 2 2 0 0 1 4
560 4 14 4 0 2 8 2 2 3 2 3 2 2 2 2 0 41 3 2 0 1 0 2
561 4 31 2 0 2 7 2 3 4 2 3 NA 4 2 1 0 36 3 1 1 1 0 2
562 4 1 1 0 3 7 2 4 2 1 4 2 4 2 1 0 40 3 2 1 0 1 4
564 4 1 1 0 2 9 2 5 3 2 4 2 4 2 1 0 40 3 1 1 0 1 3
565 4 1 1 0 1 7 2 3 3 2 3 5 3 2 1 1 31 3 1 0 NA 0 2
566 4 35 4 0 3 7 1 3 3 2 3 1 6 2 1 0 63 2 2 1 1 0 2
567 4 35 4 0 2 9 2 4 5 1 3 5 2 2 1 0 45 3 2 0 1 0 2
568 4 23 2 0 2 6 2 3 3 1 3 NA 3 2 2 0 45 2 2 0 1 0 2
569 0 49 1 1 2 1 1 5 2 1 3 2 4 3 2 0 77 1 2 0 1 0 1
570 0 49 1 0 2 7 2 3 8 1 3 5 4 2 1 0 54 2 2 0 0 0 2
571 0 33 1 1 3 6 NA 3 1 2 2 1 4 2 2 0 52 2 1 0 0 NA NA
573 4 44 4 0 1 2 1 4 4 2 3 1 2 2 2 0 67 2 1 0 1 0 2
574 4 44 4 0 2 3 2 3 3 2 3 2 1 2 2 0 26 3 1 0 1 0 3
575 4 51 1 0 1 7 2 3 4 2 3 4 2 2 1 0 48 3 1 0 1 0 NA
576 4 24 2 1 2 5 2 4 2 1 3 4 1 2 1 0 50 1 1 0 0 1 4
577 4 43 2 0 2 9 2 1 7 2 3 NA 1 2 2 0 36 2 1 0 1 0 3
579 4 1 2 0 2 6 2 1 3 1 4 2 3 3 2 0 24 3 1 0 0 1 4
580 4 1 2 1 2 8 2 4 5 1 3 5 2 2 2 0 26 1 1 0 1 1 4
581 4 1 2 0 3 5 2 5 3 2 3 2 1 2 2 0 62 2 2 0 NA 0 3
582 4 31 2 1 2 NA 2 3 2 1 3 2 1 2 1 0 32 1 1 0 1 0 2
583 4 47 2 0 1 5 2 1 3 1 3 2 1 1 1 0 53 2 1 0 1 0 2
584 4 47 2 0 1 8 2 1 3 2 3 2 1 2 1 0 50 3 1 0 1 0 4
585 4 62 2 0 1 6 2 3 4 1 4 1 2 2 1 0 60 2 1 0 1 0 2
586 4 42 1 0 3 9 2 5 3 2 3 1 6 2 2 0 47 3 2 0 1 0 4
587 4 42 1 0 2 7 2 3 3 2 3 2 5 2 2 0 31 3 2 0 1 0 4
589 4 40 4 0 1 4 1 1 7 1 3 NA NA 6 2 0 56 2 1 0 1 0 3
590 4 13 2 0 2 3 2 4 5 1 3 2 1 2 2 0 44 3 1 0 1 1 4
591 4 13 2 1 2 4 2 4 4 2 3 4 3 1 2 0 42 1 1 0 1 1 4
592 4 13 2 0 3 5 2 3 6 2 3 4 6 1 1 0 69 2 2 1 1 0 4
593 4 13 2 0 2 3 2 3 2 2 3 2 7 1 2 0 73 2 1 0 NA 0 4
594 4 13 2 0 2 9 2 5 2 2 3 2 6 1 1 0 44 3 2 1 1 0 4
596 4 23 2 0 1 2 1 2 6 1 3 4 2 6 2 0 69 2 1 0 0 1 3
597 4 43 3 1 1 1 1 1 6 2 3 4 7 2 2 1 52 1 1 0 NA 0 4
599 4 12 2 1 3 10 2 5 1 2 3 1 7 2 2 0 56 1 2 0 1 0 2
600 4 12 2 1 2 7 2 4 1 2 3 1 6 2 2 0 49 1 2 0 0 0 4
602 4 14 2 1 2 1 1 4 3 2 3 2 7 6 2 0 82 1 1 0 1 0 1
604 4 47 4 1 2 1 2 1 3 1 3 1 1 1 1 0 76 1 1 0 1 0 4
605 4 47 4 0 3 6 2 2 4 1 1 4 1 2 1 0 59 2 2 0 1 0 4
607 4 47 2 0 1 9 2 1 2 1 3 2 1 2 2 0 42 3 1 0 1 0 2
608 0 21 1 0 1 7 2 2 4 2 3 1 7 2 2 0 47 2 1 0 1 0 3
609 0 21 1 0 2 9 2 5 3 1 4 1 3 2 1 0 49 2 2 0 NA 0 4
611 4 21 NA 0 1 4 1 1 3 2 3 1 5 6 1 1 64 3 1 0 NA 0 2
612 4 71 4 0 3 9 2 3 2 2 4 4 3 2 1 0 63 2 2 1 1 0 4
613 4 71 4 1 2 2 2 5 1 2 2 1 1 2 2 0 56 1 1 0 1 1 4
614 4 12 NA 1 3 7 2 4 3 2 2 1 7 2 2 0 48 1 2 0 1 0 4
617 4 13 2 0 3 8 2 5 2 2 4 2 7 2 2 0 37 3 1 0 1 0 3
618 4 33 1 0 2 7 2 2 6 2 3 4 2 3 2 0 39 3 2 0 1 1 2
619 4 73 2 1 2 5 2 4 3 2 4 2 5 2 2 0 53 1 NA 0 1 0 2
620 4 47 2 0 3 9 2 3 3 1 2 1 1 2 2 0 37 3 2 0 1 0 3
622 4 23 2 0 2 6 2 3 5 2 3 5 4 2 1 0 46 3 1 0 1 0 2
623 4 49 2 0 1 10 2 3 3 1 3 1 1 2 2 0 70 2 1 0 0 0 2
624 0 3 1 1 2 8 2 3 2 1 3 2 1 2 2 0 54 1 NA 0 0 1 4
625 0 14 1 1 1 7 1 1 6 2 3 4 7 7 2 0 80 1 2 0 1 1 1
626 0 14 1 1 2 8 NA 3 4 2 3 4 6 2 2 0 47 1 2 0 1 NA NA
629 0 14 1 0 1 5 2 4 3 1 3 5 2 2 1 0 57 3 1 0 NA 0 2
630 4 14 4 0 1 6 2 4 5 2 3 5 6 2 1 0 61 2 2 0 1 0 3
631 4 34 2 1 2 3 2 4 5 1 4 5 1 1 2 0 70 1 1 0 1 0 4
632 4 34 2 0 2 4 2 2 3 2 4 2 6 1 2 0 72 2 1 0 1 0 2
633 4 34 2 0 1 4 2 4 2 2 3 2 6 2 1 0 49 2 1 0 1 0 NA
634 4 51 2 1 1 1 1 2 8 1 3 5 4 2 1 0 56 1 NA 0 1 0 2
636 4 24 2 1 2 3 2 4 6 2 3 4 2 2 2 0 37 1 1 0 1 0 1
637 4 51 1 0 2 8 2 3 3 2 3 2 3 2 2 0 38 3 1 0 1 0 4
638 4 51 1 1 2 6 NA 2 3 2 3 NA 2 NA 2 0 28 2 1 0 1 NA NA
639 4 51 1 0 2 7 2 4 1 1 2 1 1 6 2 0 23 3 2 0 1 1 3
640 4 24 2 0 2 4 1 5 3 1 1 2 6 2 2 0 61 2 1 0 1 0 4
641 4 24 2 0 2 8 1 3 3 2 2 2 6 2 1 0 56 3 1 0 0 0 3
642 4 46 4 0 2 3 1 1 6 1 1 4 1 2 2 0 61 2 1 0 1 0 4
643 4 46 4 1 1 1 1 1 8 2 1 5 1 5 1 0 69 1 1 0 1 0 2
644 4 46 4 0 2 2 2 1 8 1 3 5 1 4 2 0 51 3 1 0 1 0 4
645 4 14 2 0 3 5 2 4 4 2 3 4 2 2 1 0 48 3 1 0 0 1 4
647 4 22 NA 0 3 8 2 5 3 2 3 1 7 2 1 0 40 3 2 NA 1 0 2
648 4 71 4 0 2 8 2 5 2 1 3 4 3 2 2 0 38 3 2 0 1 0 2
650 0 13 1 1 2 4 2 3 3 2 3 2 2 2 2 0 45 1 2 0 0 1 4
651 0 1 NA 0 2 4 2 5 4 1 4 4 6 2 2 0 68 2 1 0 NA 0 4
652 4 49 2 0 2 4 1 3 2 2 3 2 2 2 2 0 48 3 1 0 1 0 4
653 4 1 1 0 1 6 2 1 3 1 4 1 2 2 2 0 47 2 1 0 0 1 4
654 4 1 1 0 3 10 2 4 6 2 4 4 3 2 1 0 46 3 2 1 1 1 4
656 4 47 2 0 2 5 2 4 1 1 3 1 1 2 1 0 47 2 2 0 1 0 4
657 4 24 2 0 3 9 2 4 1 2 4 1 5 2 2 0 35 3 2 0 1 0 4
658 4 13 1 0 2 6 2 4 4 2 4 4 7 2 2 0 46 3 1 0 0 1 4
659 4 13 1 0 1 6 2 4 6 1 3 4 7 2 1 0 55 2 1 0 1 0 2
660 4 31 2 1 1 1 2 2 4 2 3 4 2 6 2 0 81 1 1 0 1 0 1
661 4 31 2 1 1 3 2 3 2 2 3 2 7 2 2 0 69 1 2 0 1 0 4
665 4 23 2 0 1 5 2 3 2 1 3 2 1 2 2 0 44 3 1 0 0 1 4
666 4 66 3 1 1 3 NA 1 6 2 3 4 6 NA 1 0 43 3 1 1 1 NA NA
670 0 52 1 1 1 4 1 4 4 1 3 4 2 2 1 0 53 1 1 0 NA 1 4
671 4 52 4 0 2 6 2 4 8 2 3 5 6 6 2 0 39 3 1 0 1 0 3
672 0 3 1 0 2 7 2 4 3 2 3 1 1 2 1 0 53 2 1 0 0 1 4
673 4 13 NA 0 3 6 2 3 4 2 4 4 4 2 2 0 51 3 2 0 1 0 3
675 4 13 NA 0 3 9 2 5 2 2 3 2 7 2 1 0 32 3 2 1 1 0 4
676 4 13 NA 0 2 7 2 4 5 2 3 5 6 2 2 0 40 3 2 1 NA 1 4
677 0 14 1 0 1 5 1 4 5 1 2 2 1 2 1 0 49 2 1 0 0 1 2
680 4 34 2 0 1 1 2 3 4 2 3 4 4 6 1 0 53 3 1 0 1 0 1
681 4 34 2 0 1 6 2 1 3 1 4 2 1 1 2 0 46 3 1 0 1 0 3
682 4 35 4 1 1 1 2 1 3 2 3 2 7 3 2 0 74 1 1 0 1 0 2
683 4 35 4 0 3 7 2 4 1 2 2 1 6 2 1 0 54 3 1 0 1 0 4
685 4 33 1 0 3 8 2 3 1 1 4 1 1 2 2 0 54 2 2 0 0 0 3
686 0 33 1 1 3 8 2 4 3 1 4 1 2 2 2 1 33 1 1 0 NA 0 2
688 4 32 3 1 2 6 NA 4 3 1 3 2 3 2 1 0 52 1 1 0 1 NA NA
691 4 47 4 0 1 1 2 3 2 2 3 2 7 2 1 0 72 2 1 0 1 0 4
693 4 31 2 0 2 7 2 3 3 1 3 2 1 2 2 0 65 2 1 0 1 1 4
694 0 24 1 1 1 2 NA 2 8 1 3 5 1 3 1 0 74 1 NA 0 NA NA NA
695 0 24 1 0 1 8 2 3 6 1 3 4 2 2 1 0 52 2 1 0 0 1 2
696 4 24 4 1 2 9 NA 5 4 1 3 1 1 2 1 0 51 3 2 1 NA NA NA
697 0 24 1 1 2 9 NA 4 3 2 3 2 2 2 2 0 31 3 1 0 0 NA NA
699 0 23 1 0 2 10 2 5 3 1 3 2 1 2 1 0 54 2 2 0 NA 1 4
701 4 31 2 0 2 7 2 3 3 2 3 1 4 2 1 0 41 2 1 0 1 0 4
702 4 13 2 0 2 4 2 4 2 2 4 2 6 2 1 0 25 3 1 1 1 0 3
703 4 13 2 0 2 6 2 2 6 2 4 4 6 2 2 0 54 2 1 0 1 0 2
704 4 23 2 0 3 9 2 5 5 2 3 5 6 2 1 0 34 3 2 1 1 0 2
705 4 23 4 0 2 5 2 4 1 1 4 1 1 2 2 0 60 2 1 0 1 0 4
707 4 54 4 1 1 3 1 3 5 2 2 2 6 2 2 0 38 1 1 0 1 0 4
708 4 63 4 0 1 3 2 1 6 1 3 4 4 2 1 0 45 3 1 0 1 0 2
709 4 63 4 0 3 9 2 3 5 2 3 2 4 2 1 0 52 3 1 1 0 0 2
710 4 63 4 0 1 2 1 3 8 2 3 5 6 2 2 0 68 2 1 0 1 0 3
712 4 51 1 0 3 10 2 3 2 2 4 2 5 2 2 0 61 2 1 0 1 0 4
714 4 24 2 0 1 5 2 5 1 2 3 1 6 2 1 0 65 2 2 1 1 0 4
715 4 24 2 0 2 2 1 3 3 2 3 2 6 2 1 0 41 3 NA 1 1 0 3
717 4 24 1 0 3 9 2 4 3 2 3 2 6 2 1 0 53 2 1 0 1 0 4
718 4 24 1 0 2 7 1 3 4 1 3 4 2 6 1 0 25 3 1 0 1 0 4
720 4 62 2 0 2 7 2 4 3 2 4 1 2 2 1 0 48 2 1 0 NA 1 3
721 4 40 4 0 2 5 2 2 2 2 3 2 7 2 1 0 30 3 1 0 1 0 3
723 4 40 4 0 2 4 2 1 6 1 3 4 2 6 2 0 42 3 1 0 1 0 4
725 4 23 2 0 1 4 2 2 4 2 3 4 5 2 1 0 51 2 1 0 1 0 2
727 4 43 3 0 2 7 2 5 3 2 3 2 6 2 2 0 52 3 1 0 NA 1 4
728 4 43 3 1 2 8 NA 4 6 1 3 4 3 2 1 0 40 3 1 1 1 NA NA
730 4 49 2 0 1 6 2 3 3 1 3 1 1 1 2 1 51 2 2 0 NA 0 4
731 4 33 4 0 2 7 2 4 2 1 4 2 1 1 1 0 36 3 2 1 1 1 4
733 0 21 1 1 2 8 NA 3 1 1 3 1 1 2 2 0 62 2 1 0 0 NA NA
734 0 55 1 0 1 8 2 3 1 1 3 1 3 7 1 0 59 2 1 0 1 0 2
735 4 52 4 0 2 6 2 4 1 2 3 1 7 2 1 0 64 2 2 0 1 0 4
737 4 42 3 0 2 2 2 2 2 2 3 2 2 2 2 1 24 3 1 0 NA 0 4
739 4 23 2 0 2 6 2 4 5 2 3 2 5 2 2 0 46 2 1 0 NA 0 2
740 4 14 2 1 1 3 2 2 3 1 4 2 2 2 2 0 48 1 1 0 0 1 4
741 4 14 2 0 3 7 2 4 1 2 1 1 6 2 1 0 34 3 1 1 1 0 4
742 4 73 2 0 1 6 2 5 1 1 3 1 1 2 1 0 53 3 1 0 1 0 2
743 4 73 2 0 2 6 2 4 4 1 3 NA 2 2 1 0 57 3 1 0 1 0 2
744 4 71 4 0 2 7 2 3 1 2 3 1 7 2 1 0 57 2 1 0 1 0 2
745 0 71 1 1 2 4 2 1 5 2 3 2 6 2 2 0 52 1 2 0 1 0 3
746 0 13 1 1 1 2 NA 3 8 2 4 5 1 2 2 0 79 1 1 0 NA NA NA
747 0 13 1 1 1 3 2 4 3 1 3 1 3 2 2 0 54 1 1 0 NA 0 2
748 0 13 1 0 1 6 2 4 3 1 4 1 1 2 1 0 60 2 2 0 NA 0 2
749 0 13 1 0 1 5 1 3 2 1 3 2 1 2 2 0 45 3 1 0 0 1 4
750 4 13 NA 0 1 6 2 4 2 2 3 2 7 2 1 0 45 3 2 1 0 1 2
751 0 13 1 1 1 2 1 3 1 1 4 1 1 2 2 0 72 1 1 0 1 1 4
752 0 13 1 0 1 3 2 3 1 1 3 1 1 6 2 1 42 3 1 0 NA 1 4
753 0 13 1 1 3 8 2 4 1 2 3 1 3 2 1 0 34 1 1 1 0 0 2
754 0 13 1 0 1 6 2 1 8 1 4 5 1 7 2 0 62 2 1 0 NA 1 4
755 4 13 NA 0 1 10 2 2 4 1 3 4 4 2 2 0 45 3 NA 0 0 0 2
756 4 13 NA 0 3 10 2 5 2 2 3 4 5 1 1 0 51 3 1 0 1 0 2
757 0 1 NA 0 2 9 2 4 2 2 3 4 7 2 2 0 53 2 1 0 0 0 3
759 4 13 NA 0 2 7 2 4 1 1 3 1 1 2 2 0 34 3 2 0 NA 1 4
760 4 13 NA 0 2 7 2 4 3 2 3 1 7 2 1 0 43 3 2 0 NA 0 4
761 4 13 NA 0 3 9 2 3 3 2 3 1 7 2 2 0 48 2 2 0 NA 0 2
762 0 14 1 0 2 7 1 4 4 2 3 4 2 2 1 0 44 3 1 0 1 1 3
766 4 1 1 0 3 8 1 5 1 2 3 1 7 2 1 0 46 3 2 1 0 0 4
768 4 47 2 0 2 5 2 1 5 2 3 2 2 2 2 0 36 3 2 0 1 0 4
770 4 49 1 0 3 9 2 5 2 2 3 2 7 2 1 0 40 3 2 1 1 0 4
771 4 14 2 0 2 5 2 5 2 1 3 2 1 2 2 0 34 3 1 0 1 1 4
772 4 71 2 0 3 6 2 2 8 2 4 5 2 6 1 0 29 3 1 1 1 0 1
773 4 32 3 0 2 5 2 3 3 1 2 2 4 2 2 0 37 3 1 0 1 0 2
775 4 62 2 0 2 6 2 4 3 2 3 1 6 2 2 0 64 2 1 0 1 0 3
776 4 14 2 0 3 8 2 5 3 2 3 2 4 2 2 0 46 3 2 0 1 0 4
779 4 46 4 0 1 1 1 1 6 2 1 4 7 6 1 1 47 1 1 1 NA 0 4
780 4 14 2 0 2 4 2 2 5 1 3 5 2 2 1 0 34 3 1 1 1 0 4
781 0 71 1 0 2 6 2 4 4 2 3 4 2 6 2 1 31 3 1 0 0 0 2
784 4 71 4 0 3 9 2 5 2 2 3 2 5 7 2 0 56 2 2 0 1 0 3
785 0 33 1 1 2 2 2 3 3 2 3 1 6 7 2 0 63 1 2 0 0 0 2
786 4 33 1 0 2 8 2 3 1 2 4 1 7 2 2 0 55 2 2 0 0 0 4
787 4 63 4 0 2 1 2 4 3 1 3 2 6 2 1 0 60 2 2 0 0 0 2
788 4 44 4 0 3 1 1 3 1 1 3 1 1 2 2 0 75 2 2 0 1 0 4
789 4 44 4 0 1 8 2 4 1 1 1 1 1 2 2 0 57 2 1 0 1 0 3
790 4 51 1 0 3 7 1 4 5 1 3 2 2 6 2 0 48 3 1 0 1 0 2
791 4 51 1 0 2 6 2 3 3 2 3 2 4 2 2 0 32 3 2 0 1 0 4
792 4 43 2 1 1 2 NA 2 3 2 2 1 1 2 2 1 44 1 1 0 NA NA NA
794 4 41 2 0 2 3 2 4 3 1 4 1 7 5 2 1 45 3 1 0 NA 0 3
795 4 42 1 0 2 9 2 3 4 2 3 4 2 2 2 0 43 3 2 0 1 0 4
796 4 42 1 0 3 10 2 5 1 2 3 1 6 2 1 0 51 2 2 1 1 0 4
798 4 23 2 0 2 7 2 3 3 2 2 2 6 2 2 0 46 3 1 0 0 0 1
799 4 47 4 0 2 5 2 4 3 2 3 2 7 2 2 0 57 2 1 0 1 0 4
800 4 34 4 0 1 1 1 2 4 1 3 1 1 2 2 1 70 2 1 0 NA 0 2
801 4 51 2 0 2 7 2 3 2 2 3 4 6 2 2 0 41 3 1 0 1 0 4
802 4 1 1 0 2 8 2 3 4 1 4 4 4 2 1 0 38 3 1 1 0 1 3
803 4 1 1 0 2 3 2 5 1 2 2 1 4 2 1 1 30 3 1 0 NA 0 2
804 4 22 1 0 2 7 2 4 2 1 3 2 5 2 2 0 38 3 2 0 1 0 4
805 4 22 1 0 3 8 2 3 4 2 4 4 4 2 2 0 46 3 2 0 1 0 4
806 4 13 1 0 3 7 2 5 1 2 3 1 6 2 1 0 42 3 1 1 0 1 4
807 4 13 1 1 2 4 2 5 1 2 3 1 4 2 1 0 37 1 1 0 1 0 2
808 4 13 1 0 2 7 2 5 1 2 4 1 7 2 1 0 43 3 2 1 1 0 3
809 4 31 2 0 2 6 2 2 3 2 3 2 2 4 2 0 35 3 1 0 1 0 2
810 4 71 4 0 3 7 2 3 1 1 1 1 3 2 1 0 40 3 2 1 0 1 4
811 4 12 NA 1 2 1 1 2 2 2 3 2 6 2 2 0 77 1 2 0 0 0 4
812 4 12 NA 0 3 10 2 5 1 1 3 1 6 2 2 0 46 3 2 0 1 0 4
814 4 24 2 0 3 10 2 4 1 2 3 1 7 2 2 0 44 2 2 0 1 0 1
815 4 23 2 1 1 4 NA 3 2 2 3 2 7 2 2 0 62 2 2 0 NA NA NA
816 0 49 1 0 2 8 2 4 3 2 3 2 2 2 2 0 37 3 1 1 0 1 4
817 4 63 4 0 1 5 2 2 5 1 3 5 4 2 1 0 59 2 1 0 1 0 2
818 4 44 4 0 2 3 2 4 3 1 3 5 1 2 1 0 33 3 1 1 1 0 2
820 4 31 2 1 3 9 2 3 1 2 4 1 5 2 2 0 43 1 2 0 1 0 1
821 4 73 2 1 2 4 2 4 3 1 3 2 1 1 2 0 30 1 1 0 NA 1 4
822 4 47 2 0 2 5 2 3 2 1 3 2 1 2 1 0 36 3 1 0 1 0 2
823 4 62 2 0 1 3 2 4 1 1 4 1 2 2 1 0 74 2 1 0 1 0 2
824 4 12 2 0 3 6 2 5 2 2 2 2 6 2 1 0 38 3 2 1 1 1 4
825 4 12 2 1 2 6 2 4 3 2 3 2 4 2 2 0 48 2 1 0 NA 0 4
826 4 49 2 0 3 5 1 5 3 1 4 1 2 2 2 0 40 3 2 0 1 0 4
827 4 49 2 0 3 8 2 2 5 2 3 5 2 2 1 0 54 2 2 0 1 0 4
828 4 47 4 0 2 9 2 4 3 1 3 2 2 2 1 0 50 3 2 0 1 0 4
829 4 21 NA 0 3 10 2 5 1 2 3 1 7 2 1 0 49 3 2 1 1 0 4
830 4 23 4 0 2 6 2 2 3 1 2 2 1 2 1 0 33 3 1 1 1 0 1
831 0 13 1 0 2 6 2 3 2 2 3 2 7 1 1 0 27 3 1 1 1 1 4
833 4 51 2 1 2 7 NA 3 2 1 3 2 1 2 2 0 58 2 1 0 1 NA NA
834 4 1 1 1 3 NA NA 4 1 1 4 1 2 2 2 0 44 2 1 0 0 NA NA
835 4 23 2 0 3 8 2 4 2 2 4 2 4 2 2 1 30 3 1 0 NA 1 3
836 4 51 1 0 3 5 2 3 4 1 4 NA 4 2 2 0 40 3 2 0 1 0 3
837 4 41 2 0 2 3 2 3 8 1 3 5 2 6 2 1 31 3 1 0 NA 0 4
838 4 41 2 0 2 3 2 2 8 2 3 5 NA 7 2 1 30 3 1 0 NA 0 4
839 4 40 4 0 3 9 2 3 2 2 4 2 1 2 2 0 34 3 2 0 1 0 4
841 4 40 4 0 1 5 2 3 3 2 3 2 7 2 2 0 42 2 1 0 1 0 4
842 4 23 2 0 2 5 2 3 3 1 3 1 5 1 1 0 39 1 1 1 1 0 2
844 0 52 1 0 3 9 2 4 3 2 3 1 2 2 1 1 47 2 1 1 NA 0 3
847 4 46 4 1 2 4 NA 2 4 1 4 4 1 2 1 0 41 3 1 1 1 NA NA
848 4 24 4 0 2 7 2 3 3 1 2 2 3 2 1 0 36 3 1 1 0 1 4
850 4 31 3 0 2 5 2 1 3 1 3 2 2 2 2 0 44 2 1 0 1 0 3
851 4 1 1 0 3 7 2 5 1 1 4 1 4 2 1 0 44 3 NA 0 1 1 4
852 4 51 1 0 1 7 1 1 3 1 3 2 2 2 2 0 31 3 1 0 1 1 4
853 4 43 3 0 3 9 2 2 3 2 4 1 5 2 2 0 54 2 2 0 1 0 1
854 4 43 3 0 1 2 1 1 3 1 3 NA 2 7 1 1 72 2 1 0 NA 0 NA
856 4 43 3 0 2 8 2 3 1 2 3 1 7 2 2 0 52 2 2 0 1 0 3
857 4 14 2 0 1 1 1 2 3 2 4 1 7 2 1 0 65 2 1 1 1 0 4
858 0 21 1 0 3 6 2 5 2 1 2 2 1 2 2 1 45 2 1 0 NA 0 4
859 4 34 2 0 1 7 2 1 3 1 4 2 1 1 2 0 35 3 1 0 1 0 4
860 4 34 2 0 2 5 2 4 1 2 4 1 6 1 1 0 29 2 1 0 1 0 1
861 4 47 2 0 2 7 2 4 3 2 3 2 4 6 1 0 44 3 2 0 1 0 4
863 4 23 2 0 2 6 2 4 3 1 3 1 1 2 1 0 38 3 1 1 1 0 2
864 4 23 2 0 1 6 2 5 1 2 2 1 4 2 1 0 36 3 1 0 1 0 3
865 4 71 4 0 2 7 2 3 1 1 4 1 1 2 1 0 66 2 1 1 0 0 2
866 4 71 4 0 3 9 2 5 1 2 4 1 7 1 2 0 45 3 2 0 1 0 3
867 4 71 4 0 3 9 2 4 3 2 3 1 7 2 2 0 40 3 2 0 1 0 3
870 0 49 1 0 3 7 2 4 3 2 3 2 2 2 1 0 39 3 2 1 1 0 3
871 4 42 1 1 2 6 1 4 8 2 3 5 2 6 2 0 44 1 1 0 1 0 3
872 4 24 2 0 2 9 2 4 4 2 3 1 7 2 2 0 45 3 2 0 0 0 4
875 4 41 2 0 2 3 2 4 4 2 2 3 NA 6 2 1 26 3 1 0 NA 0 4
876 4 31 2 0 2 6 2 2 3 2 3 2 6 2 1 0 36 3 2 1 1 0 4
877 4 31 2 0 3 7 1 4 1 2 3 1 5 2 1 0 30 3 2 1 1 0 4
878 4 73 2 0 2 6 2 4 1 2 4 1 1 1 2 0 48 3 1 0 0 0 4
879 4 73 2 0 2 7 2 1 4 1 3 4 3 2 1 0 59 3 2 0 NA 0 2
880 4 73 2 0 3 7 2 5 4 2 3 1 6 2 1 0 32 3 1 1 0 0 3
881 4 42 1 0 1 3 2 1 2 1 1 2 1 2 1 1 59 2 1 0 NA 0 4
883 4 23 2 0 2 6 2 5 4 2 4 4 6 1 1 0 36 3 1 1 1 0 4
884 4 49 2 1 3 5 2 4 3 1 3 1 1 2 1 0 48 1 2 0 1 0 3
885 0 13 1 0 1 9 1 3 3 2 4 1 7 1 2 0 55 2 1 0 NA 0 3
886 4 47 2 0 2 9 2 5 2 2 4 2 2 2 1 0 52 2 1 0 1 0 4
887 4 23 2 0 1 7 2 3 2 2 3 4 5 1 1 0 34 3 1 1 1 0 2
888 0 33 1 1 3 8 2 5 1 1 2 1 1 1 1 0 38 1 2 1 NA 0 4
889 4 33 1 0 3 6 2 4 2 2 4 4 7 1 1 0 39 3 2 1 1 0 4
891 4 44 4 0 2 5 2 2 2 1 3 4 1 2 1 0 29 3 1 1 1 0 2
892 4 47 2 0 1 5 2 3 5 1 4 5 4 2 2 0 43 2 1 0 1 0 4
893 4 3 4 0 3 9 2 4 3 1 3 1 5 2 1 0 40 3 2 1 1 0 4
894 4 12 NA 0 3 9 2 5 1 1 4 1 6 2 1 0 47 2 2 0 1 1 3
895 4 12 NA 0 2 6 2 4 1 2 4 1 7 2 1 0 76 2 2 0 0 0 2
896 4 12 NA 0 3 9 2 4 1 1 3 1 7 2 1 0 36 3 1 1 1 0 4
897 4 12 NA 0 2 6 2 3 1 1 1 1 3 1 1 0 34 3 2 1 1 1 4
899 4 24 2 1 2 4 2 5 1 1 4 1 1 2 2 0 42 1 1 0 1 0 4
900 0 71 1 1 3 7 1 3 5 1 2 5 6 2 1 1 30 3 1 1 NA 0 NA
901 4 42 1 0 2 7 2 3 3 1 4 1 2 2 2 0 43 3 2 0 NA 0 NA
902 4 13 2 0 2 6 2 4 2 1 3 2 4 1 1 0 50 3 1 0 1 1 4
903 4 12 2 0 2 8 2 5 5 1 3 2 4 2 2 0 40 3 1 0 0 1 4
904 4 12 2 0 2 8 2 4 4 1 4 4 2 2 2 0 33 3 1 0 1 1 4
905 4 71 NA 0 1 6 2 4 2 1 3 2 1 2 2 0 43 2 2 0 0 1 2
907 4 13 2 0 2 10 2 3 2 2 3 2 7 2 1 0 46 3 2 1 0 0 2
909 4 23 2 1 2 5 2 3 2 1 3 2 1 2 2 0 52 1 1 0 1 1 2
910 4 23 2 0 2 7 2 3 3 1 2 NA 2 2 2 0 38 3 1 0 1 0 3
911 4 23 2 0 1 5 2 4 3 2 3 2 6 2 1 0 58 2 1 0 1 0 4
912 0 33 1 0 1 3 2 4 1 2 4 1 7 2 1 0 67 2 2 1 NA 0 3
914 4 24 2 0 3 9 2 4 1 1 4 1 6 2 2 0 54 2 2 0 1 0 3
915 4 24 2 0 2 2 2 4 5 2 3 5 6 2 1 0 55 3 1 0 1 0 3
916 4 24 2 0 2 6 2 4 2 1 3 2 5 2 1 0 44 2 1 0 1 0 4
919 4 23 2 1 2 6 NA 2 6 2 3 4 6 2 2 0 27 3 1 0 1 NA NA
920 4 14 2 0 2 5 2 4 2 2 3 2 6 2 1 0 55 3 1 0 1 0 4
922 4 3 1 0 2 9 2 3 2 1 4 2 1 2 2 0 44 2 1 0 0 1 4
924 4 12 NA 0 2 7 1 1 4 1 3 4 1 2 1 0 45 3 1 1 0 1 3
925 0 12 NA 0 2 6 2 2 3 1 3 1 1 2 1 0 42 2 1 1 0 1 2
926 4 12 NA 0 2 9 1 5 3 1 3 2 1 2 2 0 45 2 2 0 1 1 3
927 4 12 NA 0 3 8 2 4 2 1 3 2 7 2 1 0 32 3 2 0 1 1 4
928 0 1 NA 0 2 8 2 4 2 1 2 2 2 2 1 0 42 3 2 1 0 0 2
929 0 13 1 1 2 6 1 4 1 1 3 1 4 2 1 0 56 1 1 0 NA 0 1
930 0 13 1 1 1 1 1 3 2 2 3 4 1 2 1 0 77 1 1 0 NA 1 4
931 4 13 NA 0 3 8 2 4 3 1 3 5 6 2 1 0 34 3 1 1 0 0 2
932 0 13 1 0 2 5 2 1 5 1 3 2 3 2 2 0 45 3 1 0 0 0 2
933 4 54 4 1 2 6 1 4 1 2 3 1 4 2 1 0 34 1 1 0 1 0 4
934 4 34 2 1 2 1 NA 3 2 1 4 4 5 5 2 0 57 2 1 0 1 NA NA
935 4 47 2 0 2 8 1 2 2 1 3 2 2 2 1 0 40 3 2 1 1 0 3
938 4 31 2 0 1 2 1 1 2 2 4 4 2 2 1 0 60 2 1 0 1 0 2
939 4 31 2 0 2 6 2 4 1 1 4 1 7 2 2 0 73 2 2 0 NA 0 4
940 4 73 2 0 1 7 2 NA NA 1 4 NA NA NA 1 0 60 NA NA NA NA 0 NA
941 4 13 2 0 3 8 2 5 1 1 4 1 3 2 1 0 52 3 2 1 1 1 4
943 4 13 2 1 2 3 1 5 3 2 3 2 5 2 2 0 39 3 1 0 1 0 4
944 4 13 2 0 2 4 2 3 2 2 3 2 7 2 2 0 28 3 1 0 1 0 4
945 4 48 2 0 3 7 2 5 3 1 4 2 2 2 1 0 42 3 2 1 1 0 4
947 4 71 4 0 2 5 2 3 2 1 3 2 1 3 1 1 36 3 2 1 NA 0 4
950 4 51 2 0 3 9 2 5 2 1 3 4 2 2 1 0 36 3 2 1 1 0 2
951 4 35 4 0 2 5 2 4 3 1 3 2 6 2 2 0 46 3 1 0 1 0 4
952 4 35 4 0 2 6 2 3 3 2 3 2 6 2 1 0 37 3 1 1 1 0 4
953 4 44 4 0 3 9 2 4 5 1 3 5 2 2 1 0 60 3 1 1 1 0 4
954 4 44 4 0 2 4 2 4 2 1 3 2 1 2 1 0 40 3 1 1 1 0 2
955 4 43 2 1 2 5 NA 2 4 1 3 4 2 2 2 0 36 3 2 0 1 NA NA
956 4 32 3 0 2 6 2 4 2 1 3 2 2 4 2 0 45 3 1 0 1 0 3
958 4 31 2 0 2 5 2 4 3 1 3 1 3 2 2 0 26 3 1 0 1 0 2
960 4 73 2 0 2 8 2 2 3 1 3 1 2 2 2 0 34 3 1 0 1 0 4
962 4 62 2 0 2 6 2 4 3 1 3 1 2 2 2 0 42 3 1 0 1 0 1
963 4 62 2 0 2 6 2 4 3 1 4 1 2 2 1 0 38 3 1 0 1 1 4
966 4 43 2 0 2 8 2 3 2 2 4 2 2 2 1 0 45 2 1 NA 1 0 NA
968 4 21 NA 0 3 9 2 5 2 2 4 2 7 2 1 0 45 3 2 0 0 0 3
969 0 23 1 0 2 8 1 4 1 1 2 1 2 1 1 0 44 3 2 1 1 1 4
970 4 23 2 0 1 2 2 4 2 1 1 2 4 2 1 0 66 3 1 0 1 0 2
972 4 14 2 0 2 8 2 3 1 2 3 1 5 2 1 0 39 3 2 1 1 0 4
973 4 41 2 0 1 2 1 3 5 1 3 5 2 6 1 1 35 3 1 NA NA 0 4
975 4 13 1 1 2 9 NA 4 5 1 3 5 4 4 1 0 40 3 2 1 1 NA NA
976 4 14 2 0 1 8 1 3 1 2 3 1 7 2 1 0 69 2 1 0 1 0 4
977 0 23 1 1 2 2 2 2 7 1 3 NA 1 2 2 1 37 1 1 0 NA 0 4
978 0 23 1 0 1 2 1 4 8 1 3 5 1 2 2 1 60 2 1 0 NA 0 2
982 4 49 2 0 3 6 2 5 1 1 3 1 1 2 2 0 34 3 2 0 1 0 4
983 0 13 1 0 2 6 1 4 1 1 2 1 6 2 1 0 38 3 1 1 NA 0 2
984 4 31 3 0 1 4 2 4 3 1 3 2 2 2 1 0 66 2 1 0 1 0 3
986 4 73 2 0 2 8 2 2 2 1 1 2 1 1 1 0 49 2 1 1 1 0 2
987 4 43 2 0 1 4 2 3 2 2 3 4 2 2 1 0 56 2 1 0 1 0 4
988 4 43 2 0 2 6 2 3 3 2 3 2 2 2 2 0 45 3 2 0 1 0 3
992 4 31 2 0 1 6 2 3 2 2 4 2 1 1 1 0 32 3 1 1 1 0 1
995 4 44 4 0 2 2 1 1 6 2 3 4 1 2 2 0 25 3 1 0 1 0 4
996 4 40 4 0 2 5 2 3 2 2 3 2 7 2 2 0 46 3 2 0 1 0 4
998 4 23 4 0 2 8 2 3 3 1 1 2 4 2 1 0 28 3 NA 1 1 1 4
1000 4 23 4 1 3 5 2 4 4 1 3 4 6 6 2 0 43 1 1 1 0 1 3
1001 4 14 2 0 2 3 2 3 3 2 4 2 2 6 2 0 30 3 1 0 1 1 4
1002 4 42 1 0 2 8 2 4 3 2 3 1 2 6 2 0 36 3 2 0 1 0 2
1003 4 63 4 0 1 7 1 3 6 2 3 4 5 NA 2 0 36 3 1 0 1 0 2
1004 4 71 2 0 2 4 2 2 1 1 3 1 5 2 1 0 29 3 1 1 1 0 4
1005 4 51 3 0 1 3 1 2 6 1 2 4 1 6 2 0 39 3 1 0 1 0 3
1009 4 31 2 0 2 5 2 4 4 1 3 4 1 2 1 0 34 2 1 1 1 0 2
1012 4 24 2 0 2 6 2 3 3 1 3 2 1 6 2 0 30 2 1 0 1 0 4
1013 0 33 1 0 2 6 2 2 3 1 3 2 2 2 2 0 23 3 1 0 1 0 4
1014 0 22 1 0 3 8 2 1 4 2 3 1 7 2 2 0 36 3 2 0 1 0 4
1016 4 14 4 0 2 7 2 4 2 1 3 2 1 2 2 0 51 3 1 0 1 0 1
1017 4 24 2 0 2 8 2 1 4 2 3 NA 3 2 1 0 49 3 2 1 1 0 2
1018 4 47 2 0 2 9 1 2 6 1 3 4 6 5 1 0 31 3 1 0 1 0 2
1021 4 44 4 0 2 8 2 3 3 2 1 2 2 7 2 0 29 3 1 0 1 0 1
1022 4 51 3 0 2 6 2 3 4 2 3 4 2 7 1 0 39 3 1 1 1 0 4
1023 4 51 3 0 3 6 2 4 2 2 3 2 4 2 2 1 34 3 1 0 NA 0 4
1024 4 51 3 0 1 2 2 3 3 2 3 1 6 1 2 0 56 3 1 0 1 0 4
1025 4 51 3 0 1 2 2 4 3 2 1 NA 7 1 1 0 61 3 1 0 1 0 3
1026 0 71 1 0 2 9 2 5 3 2 3 2 5 1 1 0 43 3 1 1 1 0 4
1027 4 23 2 1 2 1 1 3 3 2 3 2 6 2 2 0 72 1 1 0 1 0 2
1028 4 1 2 1 2 NA 2 4 3 2 4 1 7 2 2 0 26 1 1 0 0 1 2
1029 4 31 2 0 2 8 2 2 4 2 3 2 2 2 2 0 28 2 2 0 1 0 3
1032 4 47 2 0 3 7 2 3 3 2 3 2 7 7 1 0 26 3 2 0 1 0 2
1033 0 71 1 1 1 3 1 4 2 2 3 2 7 2 2 0 74 1 1 0 NA 0 2
1035 4 51 3 0 2 6 2 3 2 1 3 2 2 2 2 0 28 3 1 0 1 0 4
1036 4 71 1 0 1 6 1 4 4 1 3 1 2 2 2 0 36 2 1 0 1 0 2
1037 4 3 1 0 2 5 2 4 3 2 2 2 7 2 1 0 30 3 1 1 1 0 2
1038 0 12 2 0 3 6 2 2 4 1 2 1 7 2 2 0 55 3 2 0 0 0 4
1040 4 51 3 0 3 10 2 4 2 2 3 2 7 2 2 0 40 3 2 0 1 0 3
1041 4 51 3 0 2 8 2 3 3 1 3 1 2 2 1 0 29 3 1 1 1 0 2
1042 4 12 2 0 2 7 2 4 5 2 3 5 6 2 2 0 24 3 2 0 0 0 4
1043 0 71 1 1 2 2 1 3 5 1 3 5 1 2 2 1 33 1 1 0 NA 0 3
1044 0 14 1 0 2 6 2 4 2 2 1 4 4 2 1 1 30 3 1 1 NA 0 2
1045 4 34 2 1 3 2 2 3 1 2 4 1 7 1 2 0 21 1 2 0 1 0 4
1046 4 24 2 0 2 8 2 4 2 1 2 2 7 2 2 0 26 3 1 0 1 0 2
1048 4 13 1 0 3 10 2 4 1 2 3 1 6 2 2 0 36 3 2 0 1 1 3
1050 4 13 2 0 1 4 2 3 2 1 3 2 2 2 1 0 58 2 1 0 0 1 4
1051 0 71 1 0 2 5 2 1 3 2 3 2 1 6 1 0 31 3 1 1 1 0 1
1052 4 71 1 0 1 2 2 3 2 1 3 2 2 2 1 0 75 2 1 0 1 0 2
1053 4 66 3 1 2 8 2 3 2 2 2 2 7 2 1 0 40 3 2 1 1 0 4
1054 4 12 2 0 3 6 2 4 3 2 3 1 7 2 2 0 24 3 2 0 1 0 4
1055 4 12 2 0 3 6 2 5 3 2 3 2 6 2 1 0 54 2 1 0 NA 1 3
1057 0 21 1 1 3 4 2 5 3 2 2 2 7 2 1 0 25 1 2 1 1 0 NA
1058 4 21 NA 0 1 7 2 3 2 2 2 2 5 2 1 0 43 3 1 1 1 0 3
1061 4 47 2 0 3 7 2 4 1 2 3 1 6 2 1 0 27 3 2 1 1 0 3
1062 4 63 4 0 1 3 2 3 4 2 2 4 1 2 1 0 55 3 1 0 1 0 2
1063 4 63 4 0 2 6 1 4 4 2 3 4 6 2 1 0 57 2 1 0 1 0 2
1064 4 24 2 0 1 9 2 3 2 1 4 2 1 2 1 0 33 3 1 1 1 0 1
1065 0 71 1 1 2 5 NA 4 5 1 3 2 2 2 2 0 37 3 1 1 1 NA NA
1066 0 51 1 1 1 1 1 2 4 3 1 2 1 2 1 1 76 1 1 1 NA 0 NA
1068 4 47 2 0 1 1 2 1 8 1 3 5 1 2 2 0 56 2 1 0 1 0 2
1069 4 3 4 0 3 7 2 4 3 1 4 2 1 2 2 0 28 3 2 0 NA 1 4
1070 4 13 2 0 2 9 2 2 5 2 3 2 4 2 2 0 37 3 2 0 1 1 4
1071 4 23 4 0 3 7 2 2 5 1 3 2 6 2 1 0 42 2 2 0 1 0 2
1073 4 66 3 1 2 4 1 3 3 1 3 2 2 2 2 0 21 1 1 0 1 1 4
1074 4 66 3 0 1 4 2 3 4 1 3 4 1 2 1 0 45 3 1 1 1 1 4
1075 4 46 4 1 2 6 NA 3 6 2 3 4 6 2 2 0 48 3 1 0 1 NA NA
1076 4 24 2 1 3 3 2 3 1 2 3 1 7 2 2 0 50 1 1 0 1 0 4
1077 0 22 1 1 3 5 2 4 1 2 3 1 7 2 2 0 62 1 1 0 1 0 3
1078 4 1 2 0 2 5 2 3 4 2 4 4 5 2 1 0 27 3 2 1 0 0 2
1079 4 13 2 0 2 5 1 3 3 1 3 2 2 2 1 0 26 2 1 1 1 1 4
1080 4 43 3 1 2 2 2 5 1 2 3 1 6 2 2 0 66 1 2 0 1 0 2
1081 4 43 3 1 3 2 2 5 1 2 4 1 7 2 2 0 66 1 1 0 NA 0 4
1082 4 43 3 0 1 4 2 4 3 1 3 1 7 1 2 0 57 2 2 0 1 0 2
1083 4 43 3 0 1 7 1 2 5 2 3 2 4 6 2 0 47 3 1 0 1 0 3
1084 4 43 3 1 1 10 NA 3 3 2 1 1 6 6 1 0 79 2 1 0 NA NA NA
1085 4 12 2 0 3 10 2 4 5 2 4 2 5 2 1 0 50 2 2 1 1 0 3
1086 4 14 2 0 2 7 2 5 1 1 3 1 2 2 2 0 38 3 2 0 1 1 4
1087 4 47 4 0 2 5 2 3 7 2 3 NA 4 2 1 0 29 3 1 1 1 0 4
1088 4 14 2 0 2 7 2 3 3 2 3 2 2 1 1 0 36 3 1 1 1 1 4
1089 0 71 1 0 2 8 1 5 2 1 3 2 6 2 1 0 39 3 1 1 1 0 3
1090 4 47 2 0 1 6 2 4 1 2 3 1 7 1 1 0 43 3 1 1 1 0 2
1093 4 31 2 0 2 9 1 2 5 2 3 2 2 2 1 0 52 2 1 0 1 1 4
1094 4 51 2 1 1 7 2 1 8 1 2 5 NA 6 2 0 39 3 2 0 1 0 2
1096 4 1 1 0 2 7 1 3 3 2 4 2 3 2 1 1 27 3 1 0 NA 0 3
1099 4 42 1 0 2 8 2 5 1 2 2 1 2 2 2 0 37 3 2 0 1 0 4
1102 4 31 2 0 1 2 1 1 8 2 3 5 7 2 1 0 78 2 1 0 1 0 1
1103 4 42 3 1 3 1 NA 3 2 2 3 2 4 2 1 1 37 1 1 1 NA NA NA
1104 4 13 2 0 3 7 1 5 2 1 4 2 6 2 1 0 27 3 2 1 1 0 3
1105 0 49 1 0 3 10 2 3 2 2 4 2 4 2 1 0 55 2 2 1 1 0 2
1106 4 44 4 1 1 1 1 4 2 2 3 4 NA 6 2 1 64 1 1 0 NA 0 4
1107 4 44 4 1 1 1 1 3 5 2 3 2 7 6 2 1 65 1 1 0 NA 0 2
1109 4 24 2 0 2 4 2 2 5 2 3 2 6 2 2 0 34 3 1 0 1 0 3
1110 4 73 2 0 2 7 2 4 2 1 4 4 5 1 2 0 44 2 2 0 1 0 3
1111 4 42 1 0 3 9 2 5 2 1 3 2 1 2 2 0 52 3 2 0 1 0 4
1114 4 1 1 0 3 6 2 4 1 2 2 1 7 2 2 0 28 3 2 0 0 0 4
1115 0 71 1 1 2 4 2 3 1 2 4 1 7 1 2 0 45 1 1 0 1 0 2
1116 4 47 2 0 1 6 2 4 2 2 3 2 6 3 1 0 53 3 2 0 1 0 2
1117 4 23 2 0 1 8 2 4 1 2 3 1 7 2 1 0 58 3 1 1 1 0 4
1118 4 49 1 0 2 8 2 4 1 2 3 1 7 2 2 0 41 3 2 0 1 0 4
1119 4 71 2 0 1 5 1 3 5 1 3 2 2 2 1 1 31 3 1 1 0 1 2
1120 4 42 1 0 3 9 2 3 2 1 4 2 3 2 2 0 34 3 2 0 1 1 4
1121 4 42 1 0 3 9 2 3 1 2 4 1 2 2 2 0 36 3 2 0 1 0 4
1122 4 43 3 1 2 3 NA 4 2 1 4 2 2 3 1 1 25 1 1 1 NA NA NA
1123 4 46 4 0 3 8 2 3 1 1 4 1 1 1 1 0 35 1 2 1 1 0 2
1124 0 23 1 0 2 7 2 4 4 1 4 4 6 2 1 1 48 2 1 0 NA 0 4
1125 4 44 4 1 1 1 2 3 2 2 2 2 7 2 1 0 50 1 1 0 1 0 3
1127 4 22 1 0 3 8 2 3 4 2 3 4 4 2 1 0 25 2 1 1 1 0 4
1131 4 71 4 0 2 6 2 4 5 1 3 5 3 2 1 0 46 3 1 1 0 1 4
1132 4 54 4 0 3 7 2 4 3 1 3 5 4 2 1 0 65 2 2 1 1 0 3
1133 0 22 1 0 2 9 2 1 6 1 3 4 1 6 2 0 27 3 1 0 1 1 4
1134 4 12 NA 0 2 8 2 3 2 1 3 2 2 2 1 0 53 2 1 0 0 1 4
1136 4 41 2 1 2 4 1 4 3 2 3 NA 2 2 2 0 22 1 2 0 1 0 4
1137 4 40 4 1 2 5 NA 4 2 2 3 2 7 2 2 0 46 3 2 0 1 NA NA
1138 4 49 2 1 3 2 NA 5 4 1 3 4 2 2 2 0 66 1 2 0 1 NA NA
1139 4 47 4 1 3 2 2 3 5 1 3 5 2 2 2 0 56 1 1 0 1 0 4
1141 4 71 NA 1 3 10 2 4 2 2 3 2 7 2 2 0 64 1 2 0 1 0 2
1142 0 52 1 1 3 4 2 4 1 1 3 1 1 2 2 0 59 1 1 0 1 0 4
1143 4 42 1 0 2 10 2 5 1 1 3 1 NA 2 1 0 35 3 1 1 1 0 3
1147 0 71 4 0 2 5 2 2 4 2 2 4 7 6 2 0 26 2 1 0 1 0 2
1148 4 49 1 0 2 7 2 1 8 2 4 5 4 6 2 0 25 2 1 0 1 0 2
1151 0 13 1 0 2 8 2 3 6 1 4 4 3 2 1 0 36 3 1 1 1 1 3
1152 0 34 1 1 2 8 NA 3 6 1 3 4 3 2 1 0 43 3 NA 1 1 NA NA
1153 4 1 1 0 3 10 2 5 3 1 4 1 2 2 2 0 28 2 NA 0 1 0 2
1155 0 71 4 1 2 3 1 4 4 1 3 4 5 6 2 1 32 1 NA 0 NA 1 2
1156 0 71 4 0 3 7 2 2 2 1 2 2 3 6 1 1 40 2 1 1 NA 0 2
1157 4 23 2 0 1 7 2 5 4 2 3 4 5 2 1 0 61 3 1 0 1 0 2
1158 4 3 1 0 2 6 1 3 3 1 3 2 4 6 2 0 50 2 1 0 0 0 2
1159 4 31 2 0 2 5 2 4 5 1 2 2 3 5 1 0 28 3 1 0 1 0 2
1160 4 51 2 0 1 NA 1 4 6 1 3 4 2 6 1 0 56 2 1 0 1 0 4
1161 4 13 1 0 3 9 2 5 1 1 4 1 7 2 1 0 30 3 2 0 1 0 4
1162 4 62 2 0 2 6 2 3 3 1 3 1 2 2 1 0 35 3 1 0 1 1 4
1164 0 13 1 0 3 6 2 3 2 1 1 4 3 2 1 0 35 3 2 1 0 0 3
